microsoft: 0.127833371509885 0.011718059055072791
previous: 1.2729656758128876 0.04243218919376292
technical: 1.6784307839210517 0.027973846398684193
documentation: 1.6433394641097818 0.013694495534248181
skip: 0.32850406697203605 0.002737533891433634
main: 0.3378064596343495 0.002815053830286246
content: 0.17435338714477774 0.0014529448928731479
browser: 1.5141277326297755 0.01261773110524813
longer: 1.91959284073794 0.0159966070061495
supported: 1.5766480896111095 0.01313873408009258
upgrade: 1.5448993912965292 0.012874161594137743
edge: 0.46734051182625186 0.011683512795656298
take: 0.8517522107365839 0.007097935089471532
advantage: 1.7147984280919266 0.014289986900766055
latest: 0.8059426747052896 0.006716188955877413
security: 0.21484474849951474 0.0017903729041626227
support: 0.19845093872383823 0.0016537578226986519
download: 0.37590630586662 0.0031325525488885
info: 1.91959284073794 0.0159966070061495
table: 2.17742195004004 0.018145182917000333
net: 0.4567584024957149 0.0076126400415952485
appfabric: 5.0106352940962555 0.0417552941174688
asp: 2.9311937524164198 0.024426614603470165
azure: 0.19035372849121893 0.004758843212280473
bot: 2.0149030205422647 0.016790858504518873
service: -0.006644542718668613 -5.5371189322238444e-05
devops: 2.70805020110221 0.022567085009185084
bing: 2.371577964480997 0.01976314970400831
commerce: 2.70805020110221 0.022567085009185084
server: 0.2657031657330057 0.004428386095550094
industry: 0.3662443949548831 0.003052036624624026
group: 1.6094379124341003 0.013411982603617503
internet: 1.2264456601779945 0.010220380501483287
information: 0.8675005677047231 0.007229171397539359
legacy: 2.9311937524164198 0.024426614603470165
esp: 5.0106352940962555 0.0417552941174688
identity: 2.302585092994046 0.019188209108283717
management: 1.455287232606842 0.012127393605057017
mim: 5.0106352940962555 0.0417552941174688
robotics: 5.0106352940962555 0.0417552941174688
office: 0.3378064596343495 0.002815053830286246
powershell: 3.0647251450409425 0.02553937620867452
sql: 2.2380465718564744 0.01865038809880395
system: 1.1394342831883648 0.009495285693236374
center: 0.34719619998418855 0.0028933016665349046
technet: 3.912023005428146 0.03260019171190122
magazine: 4.31748811353631 0.03597906761280258
visual: 0.27443684570176036 0.0022869737141813363
studio: 0.319287411867112 0.0026607284322259332
theme: 1.9661128563728327 0.03276854760621388
light: 1.7147984280919266 0.02857997380153211
dark: 2.5257286443082556 0.042095477405137596
high: 1.455287232606842 0.024254787210114034
contrast: 2.5257286443082556 0.042095477405137596
version: 1.1394342831883648 0.018990571386472747
blog: 0.8997614299229445 0.014996023832049074
contribute: 2.120263536200091 0.03533772560333485
privacy: 0.2832474753839152 0.004720791256398587
use: 0.27443684570176036 0.004573947428362673
video: 0.7479554170549403 0.006232961808791169
learning: 0.7479554170549403 0.006232961808791169
code: 1.0403433805441338 0.008669528171201115
