forbidden: 4.31748811353631 2.8783254090242067
nginx: 5.0106352940962555 1.6702117646987518
