forbidden: 3.912023005428146 2.6080153369520973
nginx: 4.605170185988092 1.5350567286626973
