microsoft: -0.2776317365982795 -0.06169594146628433
edge: 0.06187540371808745 0.013750089715130545
learn: -0.019802627296179754 -0.00220029192179775
accessibility: 0.1165338162559516 0.012948201806216844
oops: 3.506557897319982 0.3896175441466646
sorry: 2.407945608651872 0.26754951207243016
error: 1.3470736479666094 0.1496748497740677
