power: 0.2832474753839152 0.009337828858810392
bi: 1.5448993912965292 0.05093074916362184
signon: 5.0106352940962555 0.055061926308750064
enter: 2.9311937524164198 0.032210920356224394
email: 0.7621400520468967 0.06700132325687004
check: 1.118814995985629 0.012294670285556364
need: 0.4567584024957149 0.005019323104348516
create: 0.8997614299229445 0.009887488240911478
new: 0.3378064596343495 0.0037121588970807644
account: 0.319287411867112 0.010525958632981716
proceeding: 3.912023005428146 0.042989263795913696
acknowledge: 3.624340932976365 0.03982792234039962
use: 0.27443684570176036 0.006031579026412316
organization: 1.0986122886681098 0.07243597507701822
may: 1.118814995985629 0.03688401085666909
access: 0.7201758529478647 0.023742061086193342
manage: 0.3955147772549963 0.008692632467142776
data: 1.2264456601779945 0.04043227451136246
learn: 0.38566248081198473 0.00423804923969214
using: 1.07880966137193 0.023710102447734728
address: 1.4842747694800944 0.03262142350505702
sign: 0.4054651081081644 0.004455660528661147
provided: 2.302585092994046 0.02530313289004446
affiliated: 3.4011973816621555 0.03737579540288083
like: 1.07880966137193 0.011855051223867364
employer: 3.0647251450409425 0.033678298297153214
school: 0.32850406697203605 0.0036099348018905062
owner: 2.9311937524164198 0.032210920356224394
domain: 2.70805020110221 0.029758793418705607
administer: 3.912023005428146 0.042989263795913696
including: 1.2039728043259361 0.03969141113162427
modifying: 5.0106352940962555 0.055061926308750064
terminating: 5.0106352940962555 0.055061926308750064
ii: 2.8134107167600364 0.030916601283077324
process: 0.9675840262617057 0.010632791497381382
directory: 2.0149030205422647 0.02214179143453038
name: 1.7525387560747736 0.019258667649173337
signup: 3.624340932976365 0.03982792234039962
date: 1.91959284073794 0.021094426821296045
visible: 3.912023005428146 0.042989263795913696
within: 1.6433394641097818 0.018058675429777824
clicking: 1.6094379124341003 0.017686130905869235
submit: 2.2380465718564744 0.049187836744098344
agree: 1.5141277326297755 0.016638766292634898
allow: 2.70805020110221 0.029758793418705607
get: 0.3566749439387324 0.003919504878447609
user: 0.9162907318741551 0.010069128921694013
tenant: 3.4011973816621555 0.03737579540288083
microsoft: 0.127833371509885 0.0014047623242844506
privacy: 0.2832474753839152 0.003112609619603464
statement: 1.2729656758128876 0.013988633800141623
