forbidden: 3.912023005428146 0.3129618404342517
msrprod: 4.605170185988092 0.18420680743952367
trafficmanager: 4.605170185988092 0.18420680743952367
net: 0.05129329438755048 0.002051731775502019
error: 1.3470736479666094 0.10776589183732876
arrived: 4.605170185988092 0.18420680743952367
due: 3.2188758248682006 0.128755032994728
search: 0.0408219945202552 0.001632879780810208
clicking: 1.2039728043259361 0.048158912173037444
link: 1.0498221244986776 0.041992884979947104
click: 0.9675840262617057 0.038703361050468225
browser: 1.1086626245216111 0.04434650498086445
back: 0.9162907318741551 0.03665162927496621
button: 1.7147984280919266 0.06859193712367706
return: -0.0953101798043249 -0.0038124071921729957
previous: 0.8675005677047231 0.03470002270818892
page: 0.7550225842780328 0.060401806742242624
thank: 1.07880966137193 0.0431523864548772
ip: 2.407945608651872 0.09631782434607487
address: 1.07880966137193 0.0431523864548772
bps: 4.605170185988092 0.18420680743952367
plugin: 4.605170185988092 0.18420680743952367
