microsoft: 0.127833371509885 0.028407415891085554
edge: 0.46734051182625186 0.10385344707250041
learn: 0.38566248081198473 0.04285138675688719
accessibility: 0.5219989243641159 0.05799988048490176
oops: 3.912023005428146 0.43466922282534953
sorry: 2.8134107167600364 0.31260119075111514
error: 1.7525387560747736 0.19472652845275262
