microsoft: -0.2776317365982795 -0.03966167665689707
onenote: 0.23572233352106994 0.03367461907443856
digital: 0.07257069283483537 0.01036724183354791
note: 1.1394342831883648 0.1627763261697664
taking: 2.120263536200091 0.3028947908857273
app: 0.5276327420823719 0.0753761060117674
