file: 1.0986122886681098 0.13732653608351372
directory: 2.0149030205422647 0.2518628775677831
found: 2.2380465718564744 0.2797558214820593
server: 0.2657031657330057 0.016606447858312855
error: 1.7525387560747736 0.10953367225467335
resource: 0.616186139423817 0.03851163371398856
looking: 1.2729656758128876 0.07956035473830547
might: 2.17742195004004 0.1360888718775025
removed: 3.2188758248682006 0.20117973905426254
name: 1.7525387560747736 0.10953367225467335
changed: 2.8134107167600364 0.17583816979750228
temporarily: 3.0647251450409425 0.1915453215650589
unavailable: 3.4011973816621555 0.21257483635388472
