power: -0.12221763272424915 -0.0040291527271730495
bi: 1.1394342831883648 0.0375637675776384
signon: 4.605170185988092 0.05060626578008892
enter: 2.5257286443082556 0.02775525982756325
email: 0.3566749439387324 0.03135603902758087
check: 0.7133498878774648 0.007839009756895218
need: 0.05129329438755048 0.0005636625756873679
create: 0.49429632181478017 0.005431827712250332
new: -0.06765864847381481 -0.0007435016315803825
account: -0.08617769624105227 -0.0028410229530017234
proceeding: 3.506557897319982 0.03853360326725255
acknowledge: 3.2188758248682006 0.03537226181173847
use: -0.13102826240640414 -0.0028797420309099814
organization: 0.6931471805599453 0.04570201190505134
may: 0.7133498878774648 0.023517029270685653
access: 0.3147107448397002 0.010375079500209897
manage: -0.009950330853168092 -0.00021868859017951851
data: 0.8209805520698303 0.02706529292537902
learn: -0.019802627296179754 -0.0002176112889690083
using: 0.6733445532637655 0.01479878139041243
address: 1.07880966137193 0.023710102447734728
provided: 1.8971199848858813 0.02084747236138331
affiliated: 2.995732273553991 0.03292013487421968
like: 0.6733445532637655 0.007399390695206215
employer: 2.659260036932778 0.029222637768492068
school: -0.07696104113612832 -0.000845725726770641
owner: 2.5257286443082556 0.02775525982756325
domain: 2.302585092994046 0.02530313289004446
administer: 3.506557897319982 0.03853360326725255
including: 0.7985076962177716 0.026324429545640824
modifying: 4.605170185988092 0.05060626578008892
terminating: 4.605170185988092 0.05060626578008892
ii: 2.407945608651872 0.026460940754416174
process: 0.5621189181535412 0.006177130968720234
directory: 1.6094379124341003 0.017686130905869235
name: 1.3470736479666094 0.014803007120512192
signup: 3.2188758248682006 0.03537226181173847
date: 1.5141277326297755 0.016638766292634898
visible: 3.506557897319982 0.03853360326725255
within: 1.2378743560016172 0.013603014901116674
clicking: 1.2039728043259361 0.01323047037720809
submit: 1.8325814637483102 0.04027651568677605
agree: 1.1086626245216111 0.01218310576397375
allow: 2.302585092994046 0.02530313289004446
get: -0.048790164169432056 -0.0005361556502135391
user: 0.5108256237659907 0.005613468393032866
tenant: 2.995732273553991 0.03292013487421968
microsoft: -0.2776317365982795 -0.003050898204376698
privacy: -0.12221763272424915 -0.001343050909057683
statement: 0.8675005677047231 0.009532973271480474
