microsoft: 0.127833371509885 0.018261910215697855
onenote: 0.6411874416292342 0.09159820594703345
digital: 0.47803580094299974 0.06829082870614282
note: 1.5448993912965292 0.2206999130423613
taking: 2.5257286443082556 0.3608183777583222
app: 0.9330978501905363 0.1332996928843623
