xbox: 0.6286086594223741 0.08980123706033916
supportyou: 4.31748811353631 0.6167840162194729
need: 0.4567584024957149 0.0652512003565307
enable: 1.7525387560747736 0.25036267943925333
javascript: 3.0647251450409425 0.43781787786299176
run: 1.6784307839210517 0.23977582627443594
app: 0.9330978501905363 0.1332996928843623
