file: 0.6931471805599453 0.08664339756999316
directory: 1.6094379124341003 0.20117973905426254
found: 1.8325814637483102 0.22907268296853878
server: -0.13976194237515874 -0.008735121398447421
error: 1.3470736479666094 0.08419210299791309
resource: 0.21072103131565253 0.013170064457228283
looking: 0.8675005677047231 0.05421878548154519
might: 1.7719568419318754 0.11074730262074221
removed: 2.8134107167600364 0.17583816979750228
name: 1.3470736479666094 0.08419210299791309
changed: 2.407945608651872 0.150496600540742
temporarily: 2.659260036932778 0.16620375230829862
unavailable: 2.995732273553991 0.18723326709712443
