microsoft: -0.2776317365982795 -0.025449575854842286
previous: 0.8675005677047231 0.028916685590157434
technical: 1.2729656758128876 0.02121609459688146
documentation: 1.2378743560016172 0.01031561963334681
skip: -0.07696104113612832 -0.000641342009467736
main: -0.06765864847381481 -0.0005638220706151234
content: -0.2311117209633867 -0.0019259310080282225
browser: 1.1086626245216111 0.009238855204346759
longer: 1.5141277326297755 0.01261773110524813
supported: 1.171182981502945 0.009759858179191208
upgrade: 1.1394342831883648 0.009495285693236374
edge: 0.06187540371808745 0.0015468850929521863
take: 0.44628710262841953 0.0037190591885701628
advantage: 1.3093333199837622 0.010911110999864686
latest: 0.40047756659712536 0.0033373130549760447
security: -0.1906203596086497 -0.0015885029967387474
support: -0.20701416938432615 -0.0017251180782027178
download: -0.02955880224154439 -0.0002463233520128699
info: 1.5141277326297755 0.01261773110524813
table: 1.7719568419318754 0.014766307016098962
net: 0.05129329438755048 0.000854888239792508
appfabric: 4.605170185988092 0.03837641821656743
asp: 2.5257286443082556 0.021047738702568798
azure: -0.21511137961694557 -0.005377784490423639
bot: 1.6094379124341003 0.013411982603617503
service: -0.4121096508268329 -0.0034342470902236073
devops: 2.302585092994046 0.019188209108283717
bing: 1.9661128563728327 0.01638427380310694
commerce: 2.302585092994046 0.019188209108283717
server: -0.13976194237515874 -0.0023293657062526457
industry: -0.03922071315328127 -0.0003268392762773439
group: 1.2039728043259361 0.010033106702716134
internet: 0.8209805520698303 0.006841504600581919
information: 0.4620354595965586 0.0038502954966379882
legacy: 2.5257286443082556 0.021047738702568798
esp: 4.605170185988092 0.03837641821656743
identity: 1.8971199848858813 0.015809333207382342
management: 1.0498221244986776 0.008748517704155646
mim: 4.605170185988092 0.03837641821656743
robotics: 4.605170185988092 0.03837641821656743
office: -0.06765864847381481 -0.0005638220706151234
powershell: 2.659260036932778 0.02216050030777315
sql: 1.8325814637483102 0.015271512197902584
system: 0.7339691750802005 0.006116409792335005
center: -0.05826890812397576 -0.00048557423436646467
technet: 3.506557897319982 0.02922131581099985
magazine: 3.912023005428146 0.03260019171190122
visual: -0.13102826240640414 -0.0010919021867200345
studio: -0.08617769624105227 -0.0007181474686754356
theme: 1.5606477482646683 0.026010795804411138
light: 1.3093333199837622 0.02182222199972937
dark: 2.120263536200091 0.03533772560333485
high: 1.0498221244986776 0.017497035408311292
contrast: 2.120263536200091 0.03533772560333485
version: 0.7339691750802005 0.01223281958467001
blog: 0.49429632181478017 0.008238272030246336
contribute: 1.7147984280919266 0.02857997380153211
privacy: -0.12221763272424915 -0.0020369605454041524
use: -0.13102826240640414 -0.002183804373440069
video: 0.3424903089467759 0.002854085907889799
learning: 0.3424903089467759 0.002854085907889799
code: 0.6348782724359695 0.005290652270299746
