forbidden: 4.31748811353631 0.3453990490829048
msrprod: 5.0106352940962555 0.20042541176385023
trafficmanager: 5.0106352940962555 0.20042541176385023
net: 0.4567584024957149 0.0182703360998286
error: 1.7525387560747736 0.1402031004859819
arrived: 5.0106352940962555 0.20042541176385023
due: 3.624340932976365 0.1449736373190546
search: 0.44628710262841953 0.017851484105136782
clicking: 1.6094379124341003 0.064377516497364
link: 1.455287232606842 0.05821148930427368
click: 1.3730491343698699 0.054921965374794796
browser: 1.5141277326297755 0.060565109305191024
back: 1.3217558399823195 0.05287023359929278
button: 2.120263536200091 0.08481054144800364
return: 0.31015492830383945 0.012406197132153579
previous: 1.2729656758128876 0.050918627032515505
page: 1.160487692386197 0.09283901539089577
thank: 1.4842747694800944 0.059370990779203776
ip: 2.8134107167600364 0.11253642867040146
address: 1.4842747694800944 0.059370990779203776
bps: 5.0106352940962555 0.20042541176385023
plugin: 5.0106352940962555 0.20042541176385023
