xbox: 0.22314355131420976 0.03187765018774425
supportyou: 3.912023005428146 0.558860429346878
need: 0.05129329438755048 0.007327613483935782
enable: 1.3470736479666094 0.19243909256665848
javascript: 2.659260036932778 0.37989429099039684
run: 1.2729656758128876 0.18185223940184106
app: 0.5276327420823719 0.0753761060117674
